109 -26 312 -129 458 468 -776 -926 -245 889 759 292 -334 -139 -362 -871 -500 92 46 -969 -210 -379 -929 -442 49 -675 -773 817 -936 60 600 -675 -690 724 -972 493 -682 53 86 431 446 406 45 -433 378 334 127 225 -209 183 312 334 -896 -19 -67 768 372 -268 -979 -72 -939 -998 -765 237 -599
181 -178 -78 -697 -639 -11 919 418 718 -796 212 -874 -667 -662 776 779 -196 63 69 -548 -273 -451 -859 937 -278 488 -559 -348 823 -162 357 -139 241 356 864 -352 316 -283 98 -954 864 860 206 -350 -25 -366 833 297 708 -343 -346 -622 665 200 78 -929 160 -956 846 -504 223 -498 -9 469 415 613
-458 982 632 -66 -178 97 -676 280 -27 -87 92 -851 -912 -911 759 -119 962 724 648 535 117 -543 904 -818 -925 -920 853 -918 -279 -658 284 -344 844 175 -927 -397 -536 974 -884 -387 533 -820 -799 -166 919 -188 290 -555 425 300 866 -261 -308 241 671 -750 -506 -210 792 34 533 -8 487
916 -736 -328 372 -599 -532 -305 -998 712 176 -47 256 600 123 814 -907 -17 -542 687 307 -686 -351 -657 -417 -116 -320 -879 559 874 -66 -936 94 752 -288 -645 803 -640 250 -88 -571 409 -272 -271 -874 211 43 614 -331 -261 -202 905 -972 654 526 -377 582 -478 36 -14 308 289 -474 718 -267 -954 419 242 390 929 26 816
-881 123 687 281 36 972 105 -636 587 569 -861 -707 -132 355 742 -156 686 826 241 503 174 157 -341 -798 -953 446 86 -949 261 -978 836 -107 998 -461 -29 320 829 408 -761 -294 -303 -731 -620 432 -424 169
571 -61 317 -973 861 -134 438 338 208 896 -29 -394 -898 990 -154 684 544 395 -651 868 -419 653 844 436 724 978 -724 -980 166 -246 927 874 -223 436 797 775 399 278 -846 -554 -611 -584 890
694 848 58 -827 -981 502 -205 184 -32 -666 121 -765 -355 621 605 81 -788 319 -795 934 -653 722 -458 586 479 -52 520 -60 221 -821 -166 -562 -5 -227 898 719 276 112 -653 -855 939 -317 -655 294
-686 -399 -681 -522 166 968 529 63 328 525 399 -769 565 -680 578 -594 358 546 -41 -244 -376 86 967 -825 848 964 -25 972 631 -485 -793 -153 -772 -397 309 962 -522 -428 653 -945 446 -956 -362 757 -214 343 -107 883 -81 -798 -353 831 -873 38 687 766 689 443 -178 -354 271 -86 -725 24 -702 869 827 -995 -257 971 -734
673 429 90 -176 -361 670 766 -442 -486 653 89 -952 805 -890 981 -194 -774 393 607 -347 594 437 191 139 -432 678 -299 -616 915 -362 624 -469 -463 652 -479 464 -522 -517 -603 -104 -976 -289 -267 146 297 489 452 352 -324 805 84 -86 61 661 879 -318 811 723 -712 639 729 115 -904 -326 698 -326 -827 -823 672 -259 448 -692 100
-572 674 -544 416 -148 691 8 -355 -866 -51 -562 -797 -280 -906 -2 -320 -741 -950 -657 458 56 69 -792 524 46 -655 524 969 217 617 -490 -194 -887 230 -666 381 -356 -620 -763 876 -618 -632 -260 -326 817 611 -407 -710 635 -103 -474
-441 341 419 -90 636 786 41 -286 59 733 -694 827 593 -998 670 -469 -174 -796 -146 851 250 765 -277 -935 695 986 -740 994 937 442 912 -459 -973 -143 345 622 240 -550 -238 435 -613 697 388 -706
-141 -136 194 -599 270 -294 874 -444 70 -581 927 -172 -856 134 -953 706 274 -902 -556 -464 84 962 -652 529 937 -703 -560 -378 573 -40 -147 206 -905 -525 -653 -969 -396 781 951 984 -269 -438 -102 -321 198 -719 -152 -54 -41 -356 602 403 -969 -292 153 708 726 984 -84
-194 753 -187 -990 -536 -205 717 -354 72 -776 -280 -305 309 -709 389 -724 -877 -76 322 409 -190 990 -624 -871 364 -120 -119 -880 224 443 -214 -732 -914 431 963 -102 153 542 473 -547 -868 -164 -801 -522 -139 934 -594 384
-340 232 -644 341 -682 -308 399 646 -721 32 257 -91 923 -298 -771 128 172 -604 -585 -808 -173 940 -950 -858 -380 659 -278 515 167 -598 611 -370 -543 80 -772 203 -777 -956
668 -8 52 861 -746 -758 349 168 -683 796 343 -725 194 313 37 503 -516 786 332 -749 965 -222 -993 256 44 -438 -776 838 -830 -385 -654 508 -334 758 904 -515 637 -304 -835 250 -938 -230 -443 142 -569 304 -302 -342 682 504 460 -54 -738 -549 961 597 -234 245 -969 -807 -281 249 -29 -263 -707 -316 -169 248 92 -626 -360 -793 810 -264
-598 -632 -31 -968 -239 -10 -266 567 620 436 102 -11 728 -6 888 610 -497 -552 -880 631 -421 -776 712 696 -695 -591 888 339 824 185 135 -150 295 126 936 335 715 476 -318 -492 -993 923 487 446 372 -854 -554 187 -770 147 -590 792 -748 -795 -930 -923 961 335
-240 -67 -51 -831 -477 447 655 -210 198 -337 -898 143 292 -562 -451 -623 -766 722 -159 -605 -459 -613 -136 104 -502
-205 -125 -344 561 851 -606 -406 -181 445 515 107 627 -277 -785 859 233 -512 -349 -835 -598 -818 -318 927 643 -568 345 872 -746 513 420 -818 -757 491 -332 961 148 -958 -859 298 601 -453 -170 -731 781 -584 -851 609 -796 -161 167 282 -100 -88 792 -370 169 -236 227 151 100
-894 635 992 -751 752 -891 -800 636 -998 -90 18 -493 127 -629 -696 -916 -242 -253 465 -54 936 -424 252 979 -806 856 -916 977 500 334 489
-411 398 -860 -319 -965 -629 -951 -820 477 -146 521 867 880 356 471 -461 768 922 544 -370 24 308 -319 433 -730 26 -134 -631 -158
-259 -18 883 -605 234 216 444 925 -758 -314 -635 -702 946 433 373 493 183 -436 150 221 -419 269 -853 399 506 -565 -574 -961 -213 -109 150 608 -987 986 501 641 279 691 -417 135 -53
-676 43 933 -707 -534 364 394 240 -963 278 982 900 -506 -744 100 -841 -140 863 932 -13 -498 -112 479 -328 -734 -726 421 -259 372 924 205 713 104 501 -992 -897 -354 583 983 121 763 -375 -362 -975 980 -209 142 786 166 801 -746 -179 965 36 47 -971 -730 -277 604 -584 -109 589 -226 36 -927
76 -549 -245 -154 829 -892 91 124 -605 609 800 633 -193 118 -57 657 -943 54 187 981 -928 -766 -721 -452 -750 -48 137 195 606 626 -279 -937 656 767 -791 -72 -844 815 924 513 758 44 -83 764 557 136 -120 178 -946 731 170 -220 222 89 -794 836 -622 -165 777 827 -299 677 -509 337 -447
72 600 -517 -293 -655 859 -230 573 248 -73 -321 448 537 348 458 395 -969 -247 803 -247 -7 -696 -212 -609 -579 636 -376 -820 103 -773 160 -333 567 -450 -678 -11 -494 349 61 727 -959 -806 -162 646 -16 -457 732 -510 269
-103 372 -973 -881 -556 -408 131 139 -834 417 767 958 -301 496 684 -663 -759 895 428 595 72 -52 -669 -575 -393 -674 -468 -389 177 -925 461 -94 687 400 -129 -309 -76 73 200 -594 -218 -191 285 786 131 226 -365 17 -687 -339 630 -906 -299 11 -792 -194 -758 -291 622 -790 413
-913 -641 353 466 106 -927 146 529 488 248 91 665 -899 73 900 -683 751 -695 -183 133 -907 201 559 -818 528 670 743 -971 -392 -749 658 -794 -775 324 -382 941 -922 -894 -247 714 927 -535 909 779 -75 994 295 765 -969 997 -357 -550 -143
102 687 -201 689 482 813 185 -850 285 -92 -409 -713 -959 -439 -367 764 92 724 751 114 -599 -111 841 640 -642 960 392 -192 -284 -662 249 451 758 36 -544 -362 139 -534 -858 -71 399
-420 961 24 853 546 -90 961 -388 534 -516 771 -396 -277 -914 989 106 406 673 -506 -205 413 -434 -690 416 -606 -235 -225 406 886 614 -407 -349 265 -536 -842 951 -492 -617 -213 -283 562 260 198 904 -920 409 -680 -527 707 -56 -207 843 903 786 -771 174
57 216 994 -840 -966 -826 575 272 274 979 -882 -40 -516 495 484 594 -571 -518 169 452 -515 -676 -74 420 511 -233 -6 311 -6 560 966 -79 -810 737 -740 166 -359 -728 779 103 -362 955 -363 407 77 212 230 383 -605 -167 -401 912
643 -166 789 -688 -348 732 637 -374 848 750 -746 -987 -102 -906 -9 -788 -764 -557 -124 -774 -570 257 17 619 519 656 -647 -10 696 702 -6 -684 -139 472 -593 436 575 -679 214 492 22 391 447 525 8 -20 911 -266 -977 -206 717 -781 -287
362 -932 -553 -494 578 -645 362 -51 923 -546 -215 -428 194 268 -493 -930 758 453 461 902 677 -458 -92 -610 -162 -670 576 370 1 931 935 -588 -341 -35 912 -905 274 -957 129 497 505 -254 115 744 563 534 151 898 698 -166 178 175 766 -89 -112 -511 -98 444 -941 -894 349 324
-216 -543 541 427 420 677 -320 -231 439 -96 484 558 555 513 -505 -637 800 387 57 -250 347 -438 814 -144 215 348 653 316 -25 -749 -269 -157 -429 150 275 -147 -414 -189 999 98 713 656 444 -602 946 745 562 -106 -665 95 832 247 -564 -872 913 -673 -610 162 -355 624 428 -548 -454 280 948 293 411 -197 506
-594 337 281 493 -14 257 733 -888 601 -20 -210 -594 -776 -360 -199 -614 -363 190 -891 -237 -132 -670 -179 789 193 -986 685 841 -788 177 -538 -793 805 266 406 492 -779 -825 -629 796 -965
-426 -328 300 208 758 -773 -254 -704 944 -151 328 -241 46 437 266 944 367 635 188 142 -515 203 -734 776 -398 753 159 158 975 16 755 423 594 913 158 -356 166 -770 -485 -835 327 -561 -632 434 -890 803 -521 848 -989 -622 -735 -438 -675 -389 797 -561 401 428 -782 -739 -30 -724 -321 -374 -258 983
-714 -168 -582 -24 -318 -240 788 58 364 -642 640 -282 -670 -186 -1000 338 -36 217 58 698 626 -783 -456 -421 621 -767 -632 -145 858 871 548 866 -952 895 -261 121 -576 596 -705 753 42 -251 -346 146 -499 882 -961 -792 452 650 -577 751 379 606 -587 -855
-269 -151 496 -771 -336 -23 -946 550 694 -331 920 -762 385 -102 16 -876 -793 -734 445 533 347 812 869 -479 195 -470 991 534 -376 -237 75 -185 429 -798 -825 627 387 -617 543 -841
-372 372 -895 -367 81 -189 352 989 293 -794 133 738 43 49 -466 -131 -842 -162 -599 -177 56 -297 -794 -200 558 412 -205 -80 -59 484 361 -936 -856 -34 -746 -790 -129 315 975 -945 49 -367
70 -839 477 430 -894 402 -968 228 -540 672 -766 201 -210 597 -371 983 -84 335 715 996 27 574 383 -705 -930 465 -16 192 -503 -860 392 439 615 -529 -151 738 407 866 -992 -624 526 -28 71 289 44 -837 939 -385 22 -669 724
809 773 903 960 -907 -297 -104 398 61 352 652 42 632 -761 -199 -137 -968 427 -889 891 978 -160 145 -694 604 -853 842 805 -873 -183 -846 378 -463 -236 -966 901 330 526 251 846 905 811 -256 890 -849 -638 458 895 312 748
726 273 -369 -463 -309 482 -655 573 -439 236 102 67 -574 -320 418 321 -681 419 837 574 -184 17 -443 -519 821 758 125 812 -610 293 -644 713 -599 -458 180 307 -746 -916 -896 -242 -258 -862 422 628 -197 -585 688 716 -733 -768 366 -224 -917 476 -768 -323 -400 858 764 57 593 680 874
153 982 156 -163 -727 67 -462 -278 572 -459 714 151 492 134 505 148 833 -887 -72 529 -883 -480 -63 -447 222 -388 324 107 -881 -752 514 -593 311 -131 -674 297 -590 250 52 -589 -129 731 493 -757 279 -708 130 -573 -423 102 -525 -452 211 161 189 281 292 -929 183 505 323 -756 -422 -138
556 -358 74 81 -459 -864 153 -251 509 -281 0 -620 -108 -900 -752 -854 322 -427 -929 -549 -335 75 19 14 -864 932 -628 772 -898 -292 256 960 636 861 691 501 -521 -319 -553 -139 -306 775 -318 901 -265 -307 -708 -784 -915 758 -593 -970 234 173 -78
-734 -211 -645 -769 583 -110 -920 -172 -730 32 -732 107 383 697 697 -172 -155 -34 495 -227 508 785 -364 549 -881 -958
-198 -930 12 -376 839 419 169 376 246 -387 342 -64 -610 -10 523 -386 571 494 109 301 -143 923 -858 -901 289 -353 378 411 -539 -23 -180 94 -13 -489 469 -178 -554 142 -79 845
-399 973 306 986 -64 -794 30 520 -986 -479 353 -313 -193 -141 -58 -400 -191 511 760 -660 -984 -292 118 -908 770 848 29 -848
-540 -538 -437 671 -62 102 -508 991 72 -792 -583 940 135 -811 187 -559 822 -540 -471 518 -864 -111 -184 250 -211 796 405 17 819 432 679 191 -745 -425 101 -57 847 -217 170 436 430 384 461 -201 -605 -156 -456 5 596 378 -625 -688 -604 -79 -707 -421 -399 379 -145 -97 -44 332 285 139 470 436
-971 52 -308 -882 -478 114 -639 -761 -702 385 -286 360 -45 307 -792 -397 81 976 -467 -350 -755 -95 502 758 -94 115 -921 -511 -270 644 -374
-354 -519 437 870 341 268 44 -212 -506 -705 -326 -886 -275 -549 166 -348 -783 -742 -810 -303 -578 -286 527 64 -476 909 649 -260 328 -30 55 918 -963 -260 -634 -162 -868 406
-603 -688 104 -526 -143 -571 -435 859 873 -738 -264 17 -556 -484 -318 912 -385 -440 259 -626 924 581 501 64 914 126 -458 30 35 -578 -493 247 -143 170 -298 -567 -828 -523 -962 108 213 -204 -461 -568 187 369 348 -400 -147 -767 784 871 752 -728
451 -790 399 -692 212 -94 -748 37 -101 -398 -36 544 -518 130 -731 -209 77 505 -768 -721 261 -451 -739 -633 -561 -80 -767 891 -720 -552 150 515 -950 -606 499 404 726 -290 397 -636 -71 893 857 231 -984 -739 -280 -575 105 -118 515 315 -835 639 -600 920 -358 -687 -876 -316 -85 270 351 -965
-583 -885 -581 -169 -957 713 706 375 -28 -951 -690 -101 384 309 -905 115 395 -106 -352 941 321 983 51 -220 416 -963 333 616 317
54 643 -791 218 -504 774 -972 -818 -925 394 -258 310 823 786 568 -301 821 -287 292 -713 741 959 -311 -770 48 458 280 428 622 410 254 638 574 -822 876 -433 -503 -146 -127 -596 -105 -137 -361 -872 -461 -820 -579 931 489 -598 -215 -433 555 -17 585 -956 971 315 961 -362
494 83 578 -255 -502 -337 726 -404 -277 226 -838 831 -232 -633 823 514 -316 1 -740 439 -158 491 357 409 154 -804 828 -948 874 -762 -991 675 -545 138 -232 -77 144 -172 432 895 524 -204 262 -661 -637 -979 -60 -521 569 196 722 -972 472 -538 -470 597 -505 942 -671 933 -481 736 -767 275 -927 -987 -407 539 568 897 -209 -986 -337 131 -333
351 201 890 -71 -518 -409 -172 -198 428 -361 997 338 -745 -566 677 -808 210 21 -827 -65 555 -641 404 -255 700 458 -28 -427 -413 -795 -555 113 214 884 -144 686 -196 450 954 211 317 -732 903 -5
-628 -706 -476 -561 701 -786 938 -378 -347 823 -53 915 750 457 -563 435 -46 933 -262 81 -748 171 748 -156 -920 662 124 117 -26 962 -457 777 626 260 -923 16 642 169 538 -572 42 18 -893 -685 13
250 543 239 -739 773 -337 -530 -744 677 -673 71 -380 163 -550 122 424 927 -371 416 932 -757 509 414 -383 131 778 435 604 -591 909 77 132 -144
-858 38 723 795 933 656 -392 -611 462 -11 -836 -634 -909 370 249 741 -793 -77 821 897 789 -753 -396 373 670 735 429 319 357 970 135 -272 -871
11 -529 -993 -836 784 -90 329 215 -306 904 131 -297 -793 -163 348 316 -980 64 900 176 -359 377 234 -476 -188 -666 -877 -556 -416 999 -228 -885 555 192 109 -858 690 58 304 -639
325 -709 -316 431 675 -778 294 293 -141 -938 -773 188 -967 -169 598 -204 -906 -178 224 254 109 -5 745 -518 887 279 -92 461 -838 -857 504 292 611 98 826 -614 230 -532 -663 389 -751 633 -862 -43 689 -522 311 557 199 -645 167 432 -7 -138 -984 898 -55 824 -227 180 470 -917 -67 -711 -476 759
-985 769 401 464 296 264 -194 637 826 -232 -449 337 -503 547 429 671 -520 -512 -900 275 -855 694 -924 272 492 948 874 885 136 -386 602 2 -133 -646 699 -222
772 251 -852 -511 506 546 337 694 459 -538 -894 -320 726 -510 -845 -612 -177 381 -46 -270 87 -435 -944 841 42 -1 -387 754 212 46 -94 832 600 84 -776 112 277 -103 957 696 574 -254 -558 893 -686 26 254 -285 -13 393 525 -842 -556 28 597 -845 258 601 865 -546 913 660 -39 432 -13 -379 976 -162 395 416 -233 -774 993 0
-384 774 -323 52 -173 -574 450 -905 955 563 103 -934 51 -15 -713 -661 -871 874 180 492 119 -262 -882 108 -713 330 823 907 -850 -977 150 177 44 680 -485 -609 -936 934 -501 132 -959 543 -44 -97
-78 -307 -118 357 -190 -47 -458 187 255 921 45 -262 504 317 -408 570 843 -883 -456 810 -972 356 -211 600 813 355 685 763 -693 -274 -638 461 889 -815 -178 -734 148 412 409 -323 -517 -76 723 974 728
998 94 893 924 -335 -305 -294 -317 373 232 -426 -533 -672 401 729 210 -204 -490 -301 -305 191 138 -118 -365 -723 838 273 609 996 704 209 -966 86 -318 -818 -661 -921 88 -807 -188 -490
253 -678 668 250 -148 -114 890 750 -258 -76 -577 -427 -683 -611 757 -573 837 249 -948 754 -122 519 29 83 -284 -870 704 60 661 27 -396 748 926 -760 693 427 294 81 41 410 323 118 -658 -523 138 611 -370 677 -502 -92 -181 226 -755 -846 -782 -722 -73 -619 -503 370 731 861 984 975 -697 834 -509
-835 269 -618 231 218 -524 -115 609 536 -71 384 -367 197 884 -185 565 680 729 -640 532 -322 583 -943 465 -12 20 -294 601 -103 987 -808 -190 -940 28 540 -555 -123 -485 382 -133 409 371 -445 -644 -143 389 946 -671 871 -557 -151 -749 -201 700 640 -282 -144 -742 -903 -774 957 -311 848 -203 -735 288 -205 460
697 508 -961 -773 568 409 -354 -517 720 -44 -735 821 89 866 -116 -730 446 -413 -356 140 -962 448 989 995 787 378 -802 -221 346 489 -420
983 -968 -20 -390 791 434 -783 491 455 -110 718 185 -800 695 750 -223 -238 409 520 -590 -229 875 -453 -42 -841 -481 -719 944 969 -855 -119 -271 -697 -782 -996 -363 421 -382 706 -155 81 -603 961 992 152 -701 295 -684