-702 N/A -944 -364 -974 N/A -612 -806 N/A -480 N/A 87 N/A -489 -854 491 N/A 593 -517 -515 -317 643 712 151 -741 362 418 940 -381 N/A 63 85 736 932 -231 -229 N/A -854 N/A -651 -522 N/A -474 N/A 252 996 814 507 -762 -946 N/A -869 N/A -861 333 -490 N/A 324 -117 633 N/A 325 -449 -43 N/A -986 N/A -133
-38 752 529 82 N/A -496 N/A 658 -277 -629 542 -549 N/A 902 -135 17 -378 N/A -686 -318 255 N/A -43 -269 829 -623 N/A -76 N/A 470 N/A 288 985 N/A -107 N/A -819 N/A -506 -731 129 -707 N/A -835 N/A -517 N/A 201 931 -414 915 -75 968 N/A -559 -239 -128 520 -97 -466 -899 -646 -351
195 N/A -537 N/A 511 704 419 N/A 537 N/A 466 -49 N/A -48 -151 -258 115 374 111 748 N/A 877 -833 598 359 N/A 341 N/A 281 -207 753 -33 -849 155 N/A 960 -95 180 994 N/A 701 812
-112 N/A -920 N/A 117 -770 117 -290 N/A 227 140 467 620 N/A 794 -473 N/A -652 178 -426 203 747 N/A -578 -661 -927 -195 754 N/A 501 N/A 812 N/A 408 261 171 -479 134 17
697 N/A 957 -457 N/A 622 N/A -849 -359 -593 -487 -565 722 735 N/A -111 N/A 577 142 -25 -153 -66 N/A 671 -554 -691 N/A -503 -509 315 N/A -447 -115 227
800 -897 59 180 -577 -340 879 N/A 371 252 N/A -531 N/A -99 N/A -118 N/A 253 N/A -183 728 -206 N/A -199 -316 N/A -325 314 130 608 -916 312 N/A 852 -22 N/A 674 612 668 -188 N/A 408 -482 -744 -816 N/A -258 -915
-135 -757 127 -771 N/A 3 -393 -847 -109 588 N/A 146 -363 N/A -271 N/A -915 -295 -964 N/A 123 N/A -598 381 N/A -69 466 68 -91 N/A -683 N/A -559 318 -824 246 -772 463 554 410 N/A 495 399
52 -457 N/A -322 -717 -636 -699 -706 -489 -81 N/A 132 N/A 988 -781 N/A 276 922 440 386 -429 N/A -105 782 N/A -645 -898 934 450 N/A 123 N/A 46 145 -880 65 739 667 N/A 120 N/A -205 N/A 315 N/A -199 N/A -425 N/A -302 380 -532 -734 -583 -470 144 883
-757 N/A -789 N/A 308 N/A 21 N/A 482 -853 513 -358 245 783 N/A 409 285 227 -686 624 N/A -518 N/A 627 828 302 N/A 361 -329 250 -659 N/A 803 -282 -706 -518 N/A 933 -30 -592 N/A 148 182 413 805 -713 N/A 898 -667 355 -861
37 N/A -148 788 N/A -205 N/A 540 -24 N/A -121 -470 -963 N/A -215 -354 -888 855 538 547 N/A -806 311 -82 973 N/A -352 202 N/A -104 303 -685 947 -287 N/A -589 758 59 N/A 63 385 818 -843 N/A 131 122 -650 -118 N/A -175 890 940 N/A -5 N/A 491 491 N/A 335 N/A 177 92 N/A -530 -944 23 365 673
957 476 N/A 941 -305 -913 -450 494 545 N/A 390 N/A 330 -282 N/A -387 -44 532 -923 N/A -59 -751 -108 N/A 381 157 N/A -397 -216 -290 N/A -171 998 -737 -650 N/A -667 N/A 312 766 745
-450 N/A -36 N/A 783 N/A 227 485 231 -898 -147 137 -150 -158 -838 607 -234 N/A 624 -283 976 972 N/A -320 -778 -284 N/A 399 -526 -495 N/A -738 -235 N/A 746 -362 N/A -22 -533 -831 N/A 416 842
-301 -21 -197 -993 -794 776 -898 N/A -49 86 561 256 N/A 263 -999 N/A -832 N/A -20 -445 -62 N/A -551 N/A 78 357 N/A 930 891 -58 79 -470 767 387 N/A -960 N/A -501 N/A 111 N/A 556 N/A 200 N/A 402 N/A 208 854 -135 -425 551 -28 -504 -16 576 -624 737 N/A 580 N/A 760 N/A 476 -499 136 -406 -529 -330
658 -975 N/A -909 N/A 574 857 -104 N/A 88 -147 202 N/A -937 -660 -754 -443 -143 884 -280 -852 -755 N/A 809 262 -921 N/A 511 725 -348 -768 -970 480 572 N/A 442 -972 N/A -807 502 N/A 717 17 N/A 509 747 738 N/A 254 563 420 -130 636 N/A -85 N/A -381 N/A -94
-123 80 -524 N/A 466 435 N/A -266 897 -811 N/A 769 -622 N/A 356 N/A 666 -441 -785 709 -32 N/A -890 -429 N/A -332 437 411 N/A -339 N/A -29 242 -535 -34 -100 N/A 284 153 481 745 -99 -250 N/A -68 605 -141 -395 -340 N/A 819 N/A -621 N/A -7 N/A -643 -351 364 -34
-797 -635 783 -29 757 N/A -857 -552 -821 N/A -717 N/A 613 N/A -502 738 -722 N/A 665 N/A -323 -307 782 -177 N/A -834 -951 652 420 18 687 N/A 12 -484 268 N/A 531
635 524 933 N/A 235 N/A 76 -541 154 N/A 284 320 N/A 539 155 N/A 690 403 -712 690 N/A 109 674 766 287 317
945 717 -471 923 N/A -7 -25 630 -728 N/A -686 545 134 838 N/A 89 -415 N/A -66 -28 -895 980 -481 -349 -192 812 N/A 994 983 N/A -810 -745 N/A -156 -205 N/A -262 651 N/A 956 -397 -731 444 -963 -774 N/A 92 N/A -304 -796 194 N/A 299 -693 N/A -737 N/A -349 270 937 54 N/A 433 N/A 76 -280 N/A -548
374 -120 522 1 -716 5 199 N/A -496 191 -968 N/A 889 162 N/A 859 -917 -161 -189 -22 -622 N/A 68 -253 N/A 323 245 N/A 861 -598 -761 N/A 79 -960 -118 337 310 -49 845 N/A 868 N/A -753 262 N/A -131 -895 N/A 746 N/A 395
-816 N/A 581 N/A -355 865 N/A 435 702 N/A -872 -425 519 -981 438 -387 683 593 551 N/A 266 N/A 485 271 N/A 175 -97 419 -66 -390 N/A -572 289 -950 N/A -532 811
-663 N/A -968 -104 N/A -329 508 -922 N/A 389 -945 -463 -5 53 N/A 676 270 967 -812 N/A 173 -580 N/A -116 -71 N/A -138 -412 585 -367 -464 N/A -354 -417 133 -250 220 892 N/A 227 N/A -850 452 -814 N/A 924 870 -225 N/A -850 N/A -329 -891 276 N/A 548 978 -797 -376 N/A 310 -344 440
-182 792 124 14 N/A -423 -266 102 N/A 776 N/A -250 170 N/A 258 N/A 154 609 N/A 356 105 272 -620 -7 894 N/A 872 447 265 561 132 -778 N/A -168 983
-682 N/A 805 -368 639 -57 N/A -813 310 40 256 N/A 418 490 665 375 N/A 137 N/A -205 80 -72 504 N/A 720 N/A -423 -822 669 588 N/A 90 481 -211 22 N/A -949 N/A -75 329 N/A 794 -348 -464 -517 198 -810
-342 N/A -745 736 N/A 501 N/A 867 -15 -904 N/A -339 315 N/A -599 365 749 887 N/A 150 N/A 390 -473 399 201 -651 -69 -174 -697 -446 -324 57 706 N/A -288
870 N/A -580 -384 N/A -496 -892 N/A -91 830 33 N/A -85 709 N/A 672 999 N/A -448 N/A 10 -740 640 90 167 966 -266 -208 -177 -945 N/A 79
-1 -850 835 N/A 868 N/A -818 N/A -322 N/A 972 878 N/A 63 618 981 345 80 759 446 -763 N/A 452 -12 -529 -487
431 N/A 87 -940 N/A 817 N/A -307 N/A 36 N/A 308 167 N/A -822 735 N/A 770 237 -10 256 433 -365 N/A -608 19 N/A 223 N/A -881 -611 -944 31 N/A -621 -544 572 -34 508 272 -781 885 850 -374 128 703 295 N/A -696 984 N/A -440 533
-416 -146 248 -427 N/A 718 265 -449 N/A -894 128 796 750 N/A 499 -759 578 N/A 891 N/A 678 N/A -657 N/A 673 N/A -478 568 111 N/A -904 -962 812 -188 298 -456 N/A -285 445 36 292 -322
-41 831 -578 N/A -5 N/A -351 -318 653 74 N/A 116 -444 309 201 957 -162 N/A 170 -721 143 140 639 N/A 267 -714 877 N/A 139 425 401 N/A -550 200 -473 366 282 N/A -183 -847 N/A -139 960 N/A 976 86 N/A 762 686 -997 543 729 N/A 966 N/A -702 N/A 310 458
518 -717 N/A 883 -596 -31 -669 -307 -239 N/A 690 -667 669 N/A -667 -19 N/A -31 -867 N/A 371 145 N/A -445 -344 245 N/A -601 -598
625 280 -377 209 N/A 206 -913 N/A -966 N/A -195 -481 N/A -721 98 N/A -509 760 N/A -402 -455 -886 -227 -759 N/A 830 561 957 N/A -20 N/A 877 324 N/A 341 248 -605 N/A 239 507 N/A 940 N/A -653 677 -435 -290 N/A -469 951 -273 622 N/A 869 N/A 737 -604 -109 -726 N/A -403 824 -418 333 236 980 169 439
-341 910 412 N/A -250 -434 15 11 N/A -104 N/A -530 -829 -917 N/A 907 N/A -937 61 586 N/A 196 -445 -277 665 -463 436 N/A -160 -725 576 -52 610 N/A -694 -50 N/A 183 N/A 174
941 -108 741 642 N/A -64 N/A -128 N/A -531 N/A 264 102 248 -250 -734 660 -50 788 861 N/A 576 -696 N/A -241 -468 N/A 332 -488 -689 597
308 N/A 920 995 659 N/A 400 -544 647 -147 -256 -727 N/A 966 881 N/A 714 -193 N/A 377 -817 N/A -186 -162 -955 -197 742 865 117 N/A 100
-750 N/A 156 -518 N/A -957 95 -842 N/A 831 854 23 -824 -571 N/A -567 950 384 -45 N/A 961 -304 N/A 408 369 N/A 517 843 N/A -921 763 850 N/A -522 -590 -954 -821 -792 N/A 155 -336 439 N/A 969 -155
404 -654 -563 N/A -514 780 -51 -397 N/A 781 -989 -233 -870 -701 628 N/A 775 -356 N/A 270 453 N/A -505 N/A 79 539 -144 N/A 167 179 107 N/A -475 255 N/A -264 847 -960 N/A -433 167 464
19 813 288 540 N/A 219 N/A 399 44 -702 N/A -334 N/A -885 -979 -192 -568 -31 N/A -423 78 -907 -585 N/A -188 N/A -764 228 -969 -968 336
876 245 120 152 296 -451 14 71 -625 N/A -44 N/A 267 679 -806 N/A 318 393 -702 -856 820 -91 N/A 591 -277 N/A -37 N/A 592 632 920 157 -854 N/A 880 -702 N/A -370 N/A -743 -507 N/A -31 N/A 745 N/A -499 -962 N/A -240 834 -262 N/A 852 N/A -996 -752 -959 535 -500 -361
444 N/A -622 N/A 501 95 522 N/A 960 -238 -699 -604 N/A -866 -437 -596 -852 N/A -881 -896 -666 -890 N/A 918 -501 -375 N/A 60 717 -822 N/A -55 N/A -317 N/A -702 -433 -74 N/A 932 -967 N/A 563 906 -911 -984 355 475 -141 -950 -678 N/A -271 -258 414 -842 N/A -485 -79 553 N/A -262 193 871 N/A 625 -532 597 N/A 160 996
203 N/A 643 N/A 582 687 N/A 177 N/A -440 524 -256 855 -139 -487 N/A -99 -421 N/A -461 -251 -498 -231 N/A 171 481 133 -931 958 596 502 N/A 87 -24 -476 N/A 58 644 N/A 992 -779 -808 853 N/A 558 N/A -469 -956 N/A 514 850 953
-981 -713 N/A -1000 N/A 168 -384 248 N/A 518 -14 349 718 -504 -37 -883 -101 -662 N/A -213 N/A 874 -986 564 113 373 -232 371 -879 N/A 79 -23 969 -494 126 830 N/A 37 348 N/A 744 N/A -825 N/A 89 N/A -736 62 -766 150 N/A 725 508 14 N/A 398 81 -260 -965 N/A 400 N/A 679 -901 N/A 574 -68 210 -789 N/A -399 N/A 608
771 -858 -337 N/A -609 N/A 621 -962 N/A 463 557 N/A -660 794 -704 -796 N/A -123 -328 260 -632 N/A -979 -117 -132 777 -46 N/A 739 N/A 807 132 -92 186 -677 N/A 516 -427 N/A 663 -242
-55 -11 N/A 592 -21 -866 -980 988 455 N/A -684 -34 617 -164 N/A 505 N/A -687 N/A -658 921 813 N/A -951 204 21 -53 N/A 514 N/A 528 N/A 348 N/A 819 887 N/A -423 -832 36 306 N/A 197 933 -520 117 -411 N/A 247 N/A 987 N/A 939 -106 -458 N/A -206 N/A -564 -99 624 -367 -243 -116 997 -775 -474 986
211 N/A 361 344 -384 517 N/A 47 641 -508 -625 469 -955 N/A -380 -923 -338 N/A -548 -122 -62 N/A 657 -368 N/A 204 -627 23 N/A 39 N/A 71 N/A 991 N/A -44 629 -52 -236 -759 260 94 N/A 85 264 -406
-669 -417 -821 -574 -192 N/A -109 N/A 138 264 333 -761 -273 552 450 N/A -928 979 N/A 809 -438 N/A -733 131 N/A -781 -815 -142 282 N/A 404 N/A -613 N/A 467 109 -21 N/A 542 225 N/A -939 154 -925 N/A -265 103 N/A 34 -941 N/A -315 N/A 230 183 -87 -531 -888 -893 633 -789 N/A 114 -381 241 804
-681 -966 N/A 139 148 N/A 893 -876 -147 N/A -74 N/A -756 -366 -462 831 -634 -356 912 -854 275 123 -975 N/A 19 N/A -6 983 412 N/A -546
357 382 704 -326 131 597 N/A 546 N/A -44 135 N/A 420 513 N/A 440 -388 606 N/A 440 878 N/A -587 -972 N/A -358 N/A 199 -780 179 402 -337
917 -735 89 -792 937 317 82 -499 N/A 695 N/A -219 -874 N/A 765 -527 806 931 -783 N/A 924 787 N/A 888 -527 N/A -357 -831 N/A -724 999 -834 N/A -544 N/A -748 -429 N/A -361 -48 -821 -789
-67 -190 N/A -874 -197 -291 -281 N/A -470 971 N/A -998 253 -504 N/A -280 -804 -675 N/A -184 N/A -896 N/A 417 -475 38 N/A 832 927 N/A 925 340 91 N/A -741 984 -683 N/A 2 N/A 280 -401 -274 703 -469 728 -988 531
335 -50 345 -33 -267 -737 740 803 N/A 321 58 N/A 577 N/A -750 -145 N/A -924 943 -816 N/A -990 483 995 313 N/A -891
-359 N/A -130 999 -618 N/A -674 -793 N/A -371 -493 -122 202 990 456 -153 N/A -924 N/A -86 151 N/A 786 -626 370 259
50 846 795 -516 590 -835 -340 N/A 696 62 -479 N/A 861 N/A 81 N/A -640 629 -641 -411 -22 N/A -795 -182 -988 N/A -816 217 -211 467 543 657 N/A 720 720 644 -164 610 N/A -413 -37 N/A -223 594 -702 N/A -69 N/A 180 206 -852 N/A -508 -868 N/A -449 N/A 93 739 -486 841 N/A -134
735 N/A -122 517 N/A -89 N/A 891 -141 -662 486 505 602 504 N/A 950 N/A -668 849 825 876 145 -552 -464 -963 N/A -503 N/A 94 199 N/A -320 -713 166 -342 N/A -575 984 -440 -997 61 -45 N/A 871 N/A 811
911 780 -82 112 -358 N/A -962 36 -166 968 47 752 N/A 214 207 N/A -878 -44 341 N/A -913 N/A -914 159 -124 446 803 966 133 -950 292 776 N/A 30 N/A 858 N/A -108 949 -834 N/A -287 -382 -115 N/A 571 -558 -456 -297 N/A -457 N/A -733 N/A -223 868 N/A -4 -242 N/A 371 186 N/A -151
100 -135 803 -53 568 686 -165 N/A -423 N/A -270 N/A -783 N/A -243 -90 -26 967 N/A 687 N/A 589 70 -413 153 N/A 435 -579 -185 N/A 943 N/A 990 N/A -279 139 N/A 483 N/A -679 -317 -446 -909 301 -800 862 -543 -815 N/A -899 697 -193 244 -393 422 476 N/A -594 -213 432 N/A 502 324 469 -406 -912 -473 N/A 743 119 N/A 672 N/A 502 29